1	pyrrole	5	True	62.111	65.117	46.638
1	pyrrole	5	True	61.397	63.952	46.711
1	pyrrole	5	True	63.051	65.08	47.715
1	pyrrole	5	True	62.854	63.859	48.405
1	pyrrole	5	True	61.842	63.187	47.772
5	pyrrole	5	True	35.4	62.819	33.013
5	pyrrole	5	True	35.854	63.195	31.776
5	pyrrole	5	True	33.979	63.05	33.006
5	pyrrole	5	True	33.649	63.578	31.734
5	pyrrole	5	True	34.808	63.654	31.008
8	pyrrole	5	True	47.048	70.155	32.064
8	pyrrole	5	True	48.265	70.225	31.443
8	pyrrole	5	True	47.255	69.421	33.271
8	pyrrole	5	True	48.627	69.074	33.323
8	pyrrole	5	True	49.221	69.576	32.196
9	pyrrole	5	True	55.602	75.663	36.62
9	pyrrole	5	True	54.929	75.294	37.754
9	pyrrole	5	True	55.558	77.099	36.574
9	pyrrole	5	True	54.846	77.528	37.713
9	pyrrole	5	True	54.478	76.408	38.416
12	pyrrole	5	True	41.357	78.593	27.647
12	pyrrole	5	True	40.556	78.698	28.749
12	pyrrole	5	True	40.877	79.557	26.703
12	pyrrole	5	True	39.782	80.22	27.303
12	pyrrole	5	True	39.607	79.677	28.55
15	pyrrole	5	True	45.281	77.995	15.509
15	pyrrole	5	True	46.613	77.707	15.521
15	pyrrole	5	True	45.17	79.404	15.782
15	pyrrole	5	True	46.483	79.903	15.954
15	pyrrole	5	True	47.345	78.85	15.789
16	pyrrole	5	True	35.13	59.55	29.613
16	pyrrole	5	True	34.552	60.234	30.643
16	pyrrole	5	True	35.223	58.181	30.048
16	pyrrole	5	True	34.688	58.121	31.352
16	pyrrole	5	True	34.285	59.386	31.688
17	pyrrole	5	True	54.463	63.817	27.609
17	pyrrole	5	True	54.465	62.997	28.71
17	pyrrole	5	True	53.281	63.496	26.873
17	pyrrole	5	True	52.611	62.471	27.582
17	pyrrole	5	True	53.358	62.187	28.698
18	pyrrole	5	True	57.277	70.912	29.488
18	pyrrole	5	True	56.265	71.09	30.405
18	pyrrole	5	True	57.377	72.14	28.763
18	pyrrole	5	True	56.404	73.022	29.3
18	pyrrole	5	True	55.746	72.351	30.297
27	pyrrole	5	True	60.987	64.018	26.554
27	pyrrole	5	True	59.715	64.386	26.913
27	pyrrole	5	True	61.264	64.674	25.32
27	pyrrole	5	True	60.117	65.427	24.979
27	pyrrole	5	True	59.188	65.236	25.97
28	pyrrole	5	True	52.633	53.873	18.637
28	pyrrole	5	True	53.963	54.104	18.466
28	pyrrole	5	True	51.968	55.104	18.325
28	pyrrole	5	True	52.969	56.039	17.965
28	pyrrole	5	True	54.178	55.399	18.059
29	pyrrole	5	True	61.25	65.099	16.167
29	pyrrole	5	True	60.739	66.352	15.959
29	pyrrole	5	True	61.904	65.142	17.443
29	pyrrole	5	True	61.748	66.456	17.95
29	pyrrole	5	True	61.034	67.171	17.022
31	pyrrole	5	True	46.322	42.405	29.053
31	pyrrole	5	True	46.979	43.203	29.947
31	pyrrole	5	True	45.623	41.418	29.839
31	pyrrole	5	True	45.91	41.688	31.198
31	pyrrole	5	True	46.739	42.782	31.234
36	pyrrole	5	True	60.141	37.557	43.517
36	pyrrole	5	True	60.978	36.487	43.71
36	pyrrole	5	True	60.97	38.631	43.049
36	pyrrole	5	True	62.296	38.134	42.979
36	pyrrole	5	True	62.268	36.824	43.388
43	pyrrole	5	True	48.502	35.126	49.311
43	pyrrole	5	True	49.112	34.563	48.226
43	pyrrole	5	True	49.423	35.008	50.397
43	pyrrole	5	True	50.574	34.359	49.901
43	pyrrole	5	True	50.358	34.095	48.572
49	pyrrole	5	True	31.326	49.747	55.776
49	pyrrole	5	True	30.518	50.257	56.756
49	pyrrole	5	True	30.539	48.768	55.078
49	pyrrole	5	True	29.264	48.741	55.687
49	pyrrole	5	True	29.276	49.654	56.708
51	pyrrole	5	True	30.365	44.653	50.134
51	pyrrole	5	True	31.314	44.224	51.026
51	pyrrole	5	True	30.665	46.025	49.863
51	pyrrole	5	True	31.805	46.364	50.634
51	pyrrole	5	True	32.178	45.245	51.331
52	pyrrole	5	True	31.89	50.661	44.553
52	pyrrole	5	True	31.836	51.318	43.362
52	pyrrole	5	True	31.418	51.586	45.55
52	pyrrole	5	True	31.097	52.791	44.881
52	pyrrole	5	True	31.361	52.599	43.549
54	pyrrole	5	True	32.156	42.412	30.08
54	pyrrole	5	True	31.932	41.177	30.636
54	pyrrole	5	True	32.791	43.202	31.096
54	pyrrole	5	True	32.911	42.388	32.248
54	pyrrole	5	True	32.378	41.16	31.941
60	pyrrole	5	True	17.618	56.646	42.455
60	pyrrole	5	True	17.823	57.987	42.641
60	pyrrole	5	True	16.232	56.413	42.718
60	pyrrole	5	True	15.658	57.657	43.067
60	pyrrole	5	True	16.649	58.6	43.01
67	benzene	6	True	36.534	51.99	63.891
67	benzene	6	True	37.369	53.085	64.053
67	benzene	6	True	35.949	51.786	62.644
67	benzene	6	True	37.618	53.971	62.993
67	benzene	6	True	36.18	52.653	61.58
67	benzene	6	True	37.01	53.742	61.763
68	benzene	6	True	33.873	54.546	57.885
68	benzene	6	True	35.111	54.729	57.269
68	benzene	6	True	32.751	54.343	57.07
68	benzene	6	True	35.233	54.715	55.879
68	benzene	6	True	32.858	54.322	55.682
68	benzene	6	True	34.1	54.508	55.092
69	benzene	6	True	39.905	57.057	65.523
69	benzene	6	True	40.425	57.512	66.74
69	benzene	6	True	38.683	56.383	65.54
69	benzene	6	True	39.744	57.3	67.941
69	benzene	6	True	37.995	56.167	66.73
69	benzene	6	True	38.53	56.625	67.922
70	benzene	6	True	56.121	64.115	56.248
70	benzene	6	True	56.108	64.874	57.418
70	benzene	6	True	57.119	64.374	55.304
70	benzene	6	True	57.052	65.857	57.649
70	benzene	6	True	58.078	65.364	55.518
70	benzene	6	True	58.041	66.103	56.699
71	benzene	6	True	63.051	65.08	47.715
71	benzene	6	True	62.854	63.859	48.405
71	benzene	6	True	64.043	65.965	48.168
71	benzene	6	True	63.615	63.497	49.521
71	benzene	6	True	64.799	65.604	49.277
71	benzene	6	True	64.578	64.377	49.941
72	benzene	6	True	61.612	67.848	51.57
72	benzene	6	True	60.524	68.195	52.382
72	benzene	6	True	62.676	67.162	52.159
72	benzene	6	True	60.487	67.855	53.737
72	benzene	6	True	62.652	66.811	53.524
72	benzene	6	True	61.546	67.158	54.306
73	benzene	6	True	56.155	69.307	55.058
73	benzene	6	True	55.435	68.184	54.649
73	benzene	6	True	55.981	69.768	56.362
73	benzene	6	True	54.562	67.54	55.515
73	benzene	6	True	55.111	69.132	57.238
73	benzene	6	True	54.404	68.02	56.807
74	benzene	6	True	61.805	70.471	55.749
74	benzene	6	True	62.0	70.128	57.081
74	benzene	6	True	60.592	71.038	55.372
74	benzene	6	True	60.997	70.347	58.027
74	benzene	6	True	59.587	71.261	56.308
74	benzene	6	True	59.79	70.918	57.638
75	benzene	6	True	72.429	69.243	58.302
75	benzene	6	True	72.969	70.013	57.273
75	benzene	6	True	73.271	68.358	58.979
75	benzene	6	True	74.313	69.908	56.925
75	benzene	6	True	74.623	68.243	58.639
75	benzene	6	True	75.136	69.023	57.612
76	benzene	6	True	59.385	78.47	49.739
76	benzene	6	True	58.298	78.729	48.914
76	benzene	6	True	60.656	78.438	49.183
76	benzene	6	True	58.475	78.96	47.555
76	benzene	6	True	60.846	78.667	47.825
76	benzene	6	True	59.755	78.929	47.009
77	benzene	6	True	48.366	84.204	48.636
77	benzene	6	True	48.774	84.999	47.57
77	benzene	6	True	49.145	83.104	48.992
77	benzene	6	True	49.943	84.71	46.871
77	benzene	6	True	50.313	82.801	48.304
77	benzene	6	True	50.718	83.609	47.24
78	benzene	6	True	44.031	85.231	46.225
78	benzene	6	True	44.789	85.82	45.219
78	benzene	6	True	43.306	84.075	45.938
78	benzene	6	True	44.825	85.269	43.939
78	benzene	6	True	43.332	83.511	44.664
78	benzene	6	True	44.093	84.11	43.663
79	benzene	6	True	50.878	75.574	46.483
79	benzene	6	True	50.133	74.813	47.388
79	benzene	6	True	52.262	75.405	46.462
79	benzene	6	True	50.753	73.908	48.243
79	benzene	6	True	52.888	74.499	47.315
79	benzene	6	True	52.122	73.757	48.2
80	benzene	6	True	57.399	83.156	38.697
80	benzene	6	True	57.037	84.498	38.792
80	benzene	6	True	58.477	82.803	37.886
80	benzene	6	True	57.742	85.484	38.079
80	benzene	6	True	59.186	83.773	37.176
80	benzene	6	True	58.817	85.117	37.271
81	benzene	6	True	41.247	81.031	42.016
81	benzene	6	True	42.497	81.359	41.489
81	benzene	6	True	40.154	81.805	41.645
81	benzene	6	True	42.648	82.445	40.618
81	benzene	6	True	40.292	82.887	40.78
81	benzene	6	True	41.543	83.205	40.273
82	benzene	6	True	38.717	72.151	41.951
82	benzene	6	True	39.751	71.4	41.387
82	benzene	6	True	37.577	71.484	42.394
82	benzene	6	True	39.644	70.006	41.273
82	benzene	6	True	37.459	70.107	42.285
82	benzene	6	True	38.493	69.375	41.727
83	benzene	6	True	33.979	63.05	33.006
83	benzene	6	True	33.649	63.578	31.734
83	benzene	6	True	32.954	62.867	33.952
83	benzene	6	True	32.338	63.931	31.379
83	benzene	6	True	31.64	63.218	33.6
83	benzene	6	True	31.349	63.745	32.326
84	benzene	6	True	40.585	69.841	37.873
84	benzene	6	True	41.081	71.148	37.91
84	benzene	6	True	41.466	68.8	38.177
84	benzene	6	True	42.413	71.413	38.246
84	benzene	6	True	42.8	69.048	38.514
84	benzene	6	True	43.269	70.362	38.548
85	benzene	6	True	45.513	78.156	37.046
85	benzene	6	True	44.523	77.67	36.19
85	benzene	6	True	46.153	77.258	37.894
85	benzene	6	True	44.176	76.308	36.188
85	benzene	6	True	45.816	75.907	37.905
85	benzene	6	True	44.831	75.436	37.059
86	benzene	6	True	52.663	85.88	44.498
86	benzene	6	True	52.027	87.099	44.738
86	benzene	6	True	53.752	85.535	45.297
86	benzene	6	True	52.47	87.954	45.754
86	benzene	6	True	54.206	86.381	46.313
86	benzene	6	True	53.561	87.591	46.535
87	benzene	6	True	47.255	69.421	33.271
87	benzene	6	True	48.627	69.074	33.323
87	benzene	6	True	46.415	69.021	34.319
87	benzene	6	True	49.174	68.346	34.38
87	benzene	6	True	46.962	68.295	35.372
87	benzene	6	True	48.328	67.967	35.392
88	benzene	6	True	55.558	77.099	36.574
88	benzene	6	True	54.846	77.528	37.713
88	benzene	6	True	56.053	78.062	35.682
88	benzene	6	True	54.61	78.885	37.985
88	benzene	6	True	55.818	79.415	35.955
88	benzene	6	True	55.104	79.809	37.095
89	benzene	6	True	47.611	77.87	29.59
89	benzene	6	True	48.674	78.776	29.554
89	benzene	6	True	46.412	78.23	28.969
89	benzene	6	True	48.55	80.009	28.917
89	benzene	6	True	46.274	79.461	28.33
89	benzene	6	True	47.349	80.345	28.307
90	benzene	6	True	40.877	79.557	26.703
90	benzene	6	True	39.782	80.22	27.303
90	benzene	6	True	41.27	79.928	25.41
90	benzene	6	True	39.069	81.237	26.652
90	benzene	6	True	40.562	80.945	24.759
90	benzene	6	True	39.472	81.587	25.387
91	benzene	6	True	47.06	79.139	24.658
91	benzene	6	True	45.991	78.241	24.784
91	benzene	6	True	46.887	80.271	23.856
91	benzene	6	True	44.782	78.459	24.129
91	benzene	6	True	45.683	80.501	23.193
91	benzene	6	True	44.637	79.594	23.334
92	benzene	6	True	54.329	82.206	21.805
92	benzene	6	True	54.739	83.017	20.745
92	benzene	6	True	54.991	82.326	23.02
92	benzene	6	True	55.791	83.924	20.893
92	benzene	6	True	56.041	83.228	23.188
92	benzene	6	True	56.44	84.024	22.113
93	benzene	6	True	45.17	79.404	15.782
93	benzene	6	True	46.483	79.903	15.954
93	benzene	6	True	44.087	80.289	15.9
93	benzene	6	True	46.747	81.248	16.239
93	benzene	6	True	44.349	81.632	16.185
93	benzene	6	True	45.676	82.096	16.352
94	benzene	6	True	39.777	66.041	23.366
94	benzene	6	True	39.03	65.358	22.401
94	benzene	6	True	39.169	66.297	24.599
94	benzene	6	True	37.713	64.93	22.658
94	benzene	6	True	37.845	65.878	24.871
94	benzene	6	True	37.125	65.192	23.897
95	benzene	6	True	35.223	58.181	30.048
95	benzene	6	True	34.688	58.121	31.352
95	benzene	6	True	35.709	57.004	29.463
95	benzene	6	True	34.627	56.921	32.092
95	benzene	6	True	35.65	55.81	30.197
95	benzene	6	True	35.113	55.784	31.499
96	benzene	6	True	43.357	58.235	25.091
96	benzene	6	True	42.595	58.051	23.934
96	benzene	6	True	44.672	57.757	25.098
96	benzene	6	True	43.137	57.419	22.81
96	benzene	6	True	45.223	57.131	23.985
96	benzene	6	True	44.455	56.97	22.842
97	benzene	6	True	47.824	58.951	28.827
97	benzene	6	True	49.162	58.572	28.755
97	benzene	6	True	47.137	59.182	27.655
97	benzene	6	True	49.795	58.424	27.522
97	benzene	6	True	47.76	59.039	26.422
97	benzene	6	True	49.085	58.659	26.356
98	benzene	6	True	42.227	66.577	31.779
98	benzene	6	True	41.508	66.062	30.699
98	benzene	6	True	41.994	67.893	32.152
98	benzene	6	True	40.562	66.842	30.028
98	benzene	6	True	41.055	68.68	31.491
98	benzene	6	True	40.341	68.161	30.449
99	benzene	6	True	53.281	63.496	26.873
99	benzene	6	True	52.611	62.471	27.582
99	benzene	6	True	52.721	63.974	25.68
99	benzene	6	True	51.407	61.916	27.137
99	benzene	6	True	51.522	63.422	25.233
99	benzene	6	True	50.877	62.402	25.964
100	benzene	6	True	57.377	72.14	28.763
100	benzene	6	True	56.404	73.022	29.3
100	benzene	6	True	58.193	72.587	27.713
100	benzene	6	True	56.228	74.334	28.822
100	benzene	6	True	58.018	73.893	27.235
100	benzene	6	True	57.042	74.747	27.793
101	benzene	6	True	62.053	69.789	21.584
101	benzene	6	True	61.814	70.311	20.321
101	benzene	6	True	63.343	69.365	21.907
101	benzene	6	True	62.845	70.412	19.371
101	benzene	6	True	64.391	69.46	20.969
101	benzene	6	True	64.138	69.985	19.697
102	benzene	6	True	50.87	68.7	21.469
102	benzene	6	True	51.92	69.498	21.012
102	benzene	6	True	49.731	68.58	20.662
102	benzene	6	True	51.838	70.176	19.776
102	benzene	6	True	49.641	69.246	19.428
102	benzene	6	True	50.71	70.044	18.997
103	benzene	6	True	43.355	62.233	22.37
103	benzene	6	True	43.854	60.935	22.296
103	benzene	6	True	43.935	63.12	23.27
103	benzene	6	True	44.92	60.529	23.103
103	benzene	6	True	45.004	62.728	24.083
103	benzene	6	True	45.495	61.431	23.997
104	benzene	6	True	24.358	60.517	32.158
104	benzene	6	True	25.532	60.183	31.47
104	benzene	6	True	24.444	61.469	33.18
104	benzene	6	True	26.757	60.782	31.795
104	benzene	6	True	25.676	62.077	33.512
104	benzene	6	True	26.821	61.725	32.815
105	benzene	6	True	23.544	66.638	36.199
105	benzene	6	True	24.393	65.673	36.729
105	benzene	6	True	23.419	67.858	36.85
105	benzene	6	True	25.1	65.914	37.901
105	benzene	6	True	24.121	68.12	38.03
105	benzene	6	True	24.967	67.138	38.555
106	benzene	6	True	17.644	64.797	37.971
106	benzene	6	True	18.391	63.623	38.062
106	benzene	6	True	16.521	64.804	37.144
106	benzene	6	True	18.03	62.476	37.34
106	benzene	6	True	16.145	63.676	36.414
106	benzene	6	True	16.9	62.518	36.514
107	benzene	6	True	12.529	71.752	31.261
107	benzene	6	True	11.726	70.814	30.623
107	benzene	6	True	12.013	73.032	31.456
107	benzene	6	True	10.441	71.139	30.183
107	benzene	6	True	10.731	73.365	31.022
107	benzene	6	True	9.948	72.416	30.383
108	benzene	6	True	31.614	56.121	27.366
108	benzene	6	True	31.371	54.787	27.006
108	benzene	6	True	32.074	56.381	28.661
108	benzene	6	True	31.579	53.743	27.925
108	benzene	6	True	32.285	55.348	29.574
108	benzene	6	True	32.032	54.035	29.205
109	benzene	6	True	53.26	62.171	19.656
109	benzene	6	True	52.828	62.251	20.979
109	benzene	6	True	54.604	62.411	19.371
109	benzene	6	True	53.734	62.564	22.009
109	benzene	6	True	55.513	62.724	20.391
109	benzene	6	True	55.077	62.801	21.709
110	benzene	6	True	51.33	67.189	16.423
110	benzene	6	True	50.1	66.748	16.904
110	benzene	6	True	51.488	67.369	15.055
110	benzene	6	True	49.036	66.484	16.028
110	benzene	6	True	50.439	67.109	14.162
110	benzene	6	True	49.206	66.666	14.653
111	benzene	6	True	44.663	52.401	22.154
111	benzene	6	True	43.462	53.108	22.051
111	benzene	6	True	44.61	51.011	22.275
111	benzene	6	True	42.234	52.442	22.073
111	benzene	6	True	43.388	50.336	22.299
111	benzene	6	True	42.21	51.054	22.197
112	benzene	6	True	61.264	64.674	25.32
112	benzene	6	True	60.117	65.427	24.979
112	benzene	6	True	62.372	64.697	24.461
112	benzene	6	True	60.048	66.198	23.815
112	benzene	6	True	62.301	65.464	23.302
112	benzene	6	True	61.144	66.203	22.99
113	benzene	6	True	51.968	55.104	18.325
113	benzene	6	True	52.969	56.039	17.965
113	benzene	6	True	50.629	55.505	18.311
113	benzene	6	True	52.67	57.36	17.588
113	benzene	6	True	50.329	56.821	17.935
113	benzene	6	True	51.351	57.731	17.578
114	benzene	6	True	51.836	43.514	17.98
114	benzene	6	True	52.228	44.738	17.446
114	benzene	6	True	52.577	42.377	17.641
114	benzene	6	True	53.329	44.834	16.589
114	benzene	6	True	53.681	42.46	16.79
114	benzene	6	True	54.046	43.686	16.268
115	benzene	6	True	65.599	67.876	16.873
115	benzene	6	True	64.392	68.291	16.312
115	benzene	6	True	66.687	68.742	16.826
115	benzene	6	True	64.271	69.537	15.718
115	benzene	6	True	66.58	69.998	16.231
115	benzene	6	True	65.37	70.388	15.682
116	benzene	6	True	61.904	65.142	17.443
116	benzene	6	True	61.748	66.456	17.95
116	benzene	6	True	62.612	64.196	18.208
116	benzene	6	True	62.27	66.852	19.187
116	benzene	6	True	63.136	64.589	19.436
116	benzene	6	True	62.96	65.91	19.914
117	benzene	6	True	45.623	41.418	29.839
117	benzene	6	True	45.91	41.688	31.198
117	benzene	6	True	44.787	40.329	29.527
117	benzene	6	True	45.396	40.912	32.244
117	benzene	6	True	44.273	39.557	30.565
117	benzene	6	True	44.578	39.852	31.91
118	benzene	6	True	45.881	48.172	34.493
118	benzene	6	True	44.494	48.048	34.472
118	benzene	6	True	46.574	47.733	35.613
118	benzene	6	True	43.806	47.485	35.551
118	benzene	6	True	45.903	47.168	36.7
118	benzene	6	True	44.513	47.045	36.667
119	benzene	6	True	65.614	56.285	27.916
119	benzene	6	True	64.234	56.467	27.916
119	benzene	6	True	66.202	55.603	26.856
119	benzene	6	True	63.453	55.972	26.872
119	benzene	6	True	65.429	55.104	25.81
119	benzene	6	True	64.049	55.288	25.826
120	benzene	6	True	65.189	51.509	27.356
120	benzene	6	True	64.157	50.631	27.681
120	benzene	6	True	65.613	51.588	26.036
120	benzene	6	True	63.547	49.837	26.696
120	benzene	6	True	65.019	50.81	25.057
120	benzene	6	True	63.979	49.928	25.384
121	benzene	6	True	67.433	49.488	33.28
121	benzene	6	True	68.212	50.64	33.153
121	benzene	6	True	68.08	48.272	33.505
121	benzene	6	True	69.603	50.589	33.249
121	benzene	6	True	69.474	48.207	33.604
121	benzene	6	True	70.225	49.372	33.475
122	benzene	6	True	57.046	35.163	37.889
122	benzene	6	True	57.054	33.846	37.423
122	benzene	6	True	56.312	35.447	39.036
122	benzene	6	True	56.336	32.842	38.087
122	benzene	6	True	55.595	34.456	39.702
122	benzene	6	True	55.614	33.159	39.218
123	benzene	6	True	70.386	46.735	30.404
123	benzene	6	True	70.068	48.089	30.397
123	benzene	6	True	71.689	46.359	30.057
123	benzene	6	True	71.0	49.048	30.061
123	benzene	6	True	72.638	47.314	29.719
123	benzene	6	True	72.284	48.664	29.723
124	benzene	6	True	65.193	46.793	26.236
124	benzene	6	True	64.812	46.028	25.145
124	benzene	6	True	64.45	46.718	27.4
124	benzene	6	True	63.697	45.194	25.221
124	benzene	6	True	63.343	45.897	27.492
124	benzene	6	True	62.96	45.136	26.396
125	benzene	6	True	64.575	39.178	32.049
125	benzene	6	True	63.577	40.025	32.53
125	benzene	6	True	64.317	38.412	30.925
125	benzene	6	True	62.34	40.109	31.889
125	benzene	6	True	63.087	38.489	30.277
125	benzene	6	True	62.092	39.34	30.759
126	benzene	6	True	60.97	38.631	43.049
126	benzene	6	True	62.296	38.134	42.979
126	benzene	6	True	60.723	39.963	42.679
126	benzene	6	True	63.374	38.926	42.555
126	benzene	6	True	61.793	40.751	42.258
126	benzene	6	True	63.106	40.226	42.199
127	benzene	6	True	73.233	50.995	43.332
127	benzene	6	True	74.282	51.812	43.757
127	benzene	6	True	73.267	49.643	43.671
127	benzene	6	True	75.342	51.291	44.501
127	benzene	6	True	74.318	49.109	44.407
127	benzene	6	True	75.352	49.944	44.82
128	benzene	6	True	67.375	52.908	44.108
128	benzene	6	True	68.238	53.678	43.323
128	benzene	6	True	67.764	52.607	45.409
128	benzene	6	True	69.463	54.146	43.835
128	benzene	6	True	68.974	53.058	45.929
128	benzene	6	True	69.819	53.83	45.136
129	benzene	6	True	63.6	46.958	41.896
129	benzene	6	True	62.827	45.936	42.465
129	benzene	6	True	64.982	46.751	41.776
129	benzene	6	True	63.416	44.738	42.9
129	benzene	6	True	65.58	45.554	42.216
129	benzene	6	True	64.786	44.558	42.774
130	benzene	6	True	60.872	40.637	52.902
130	benzene	6	True	62.174	40.145	53.067
130	benzene	6	True	60.141	40.963	54.047
130	benzene	6	True	62.731	39.987	54.335
130	benzene	6	True	60.687	40.809	55.316
130	benzene	6	True	61.981	40.322	55.453
131	benzene	6	True	64.605	44.82	46.859
131	benzene	6	True	63.218	44.921	46.973
131	benzene	6	True	65.244	43.743	47.483
131	benzene	6	True	62.483	43.965	47.701
131	benzene	6	True	64.515	42.787	48.205
131	benzene	6	True	63.138	42.91	48.308
132	benzene	6	True	72.577	42.117	36.658
132	benzene	6	True	72.666	43.502	36.805
132	benzene	6	True	72.522	41.59	35.364
132	benzene	6	True	72.701	44.34	35.697
132	benzene	6	True	72.553	42.425	34.246
132	benzene	6	True	72.643	43.795	34.418
133	benzene	6	True	51.992	47.722	51.182
133	benzene	6	True	51.859	48.933	50.482
133	benzene	6	True	51.46	46.564	50.607
133	benzene	6	True	51.205	48.99	49.248
133	benzene	6	True	50.802	46.608	49.378
133	benzene	6	True	50.669	47.82	48.704
134	benzene	6	True	58.471	50.099	52.905
134	benzene	6	True	58.846	51.222	53.66
134	benzene	6	True	58.593	48.834	53.5
134	benzene	6	True	59.331	51.094	54.951
134	benzene	6	True	59.083	48.696	54.812
134	benzene	6	True	59.45	49.838	55.522
135	benzene	6	True	64.639	57.721	45.011
135	benzene	6	True	63.695	56.694	44.944
135	benzene	6	True	65.917	57.428	45.47
135	benzene	6	True	64.019	55.398	45.325
135	benzene	6	True	66.254	56.123	45.859
135	benzene	6	True	65.301	55.108	45.785
136	benzene	6	True	68.726	63.093	50.536
136	benzene	6	True	69.331	62.725	51.742
136	benzene	6	True	69.282	64.143	49.804
136	benzene	6	True	70.475	63.396	52.208
136	benzene	6	True	70.417	64.813	50.249
136	benzene	6	True	71.007	64.439	51.447
137	benzene	6	True	65.547	56.642	49.644
137	benzene	6	True	66.926	56.595	49.502
137	benzene	6	True	64.934	55.677	50.458
137	benzene	6	True	67.694	55.607	50.139
137	benzene	6	True	65.684	54.692	51.105
137	benzene	6	True	67.069	54.658	50.938
138	benzene	6	True	55.22	59.243	56.159
138	benzene	6	True	54.151	58.895	56.979
138	benzene	6	True	54.972	59.426	54.798
138	benzene	6	True	52.863	58.73	56.461
138	benzene	6	True	53.687	59.262	54.264
138	benzene	6	True	52.638	58.912	55.109
139	benzene	6	True	48.886	30.555	51.569
139	benzene	6	True	49.937	31.081	52.31
139	benzene	6	True	48.837	29.176	51.363
139	benzene	6	True	50.927	30.246	52.84
139	benzene	6	True	49.819	28.33	51.888
139	benzene	6	True	50.864	28.866	52.627
140	benzene	6	True	44.687	31.203	44.629
140	benzene	6	True	44.638	29.844	44.329
140	benzene	6	True	44.864	32.122	43.591
140	benzene	6	True	44.764	29.395	43.008
140	benzene	6	True	44.99	31.699	42.267
140	benzene	6	True	44.941	30.327	41.97
141	benzene	6	True	49.423	35.008	50.397
141	benzene	6	True	50.574	34.359	49.901
141	benzene	6	True	49.388	35.39	51.747
141	benzene	6	True	51.684	34.082	50.708
141	benzene	6	True	50.499	35.113	52.553
141	benzene	6	True	51.627	34.465	52.027
142	benzene	6	True	42.346	34.092	52.848
142	benzene	6	True	42.01	34.457	54.149
142	benzene	6	True	42.991	32.872	52.648
142	benzene	6	True	42.311	33.627	55.228
142	benzene	6	True	43.296	32.036	53.712
142	benzene	6	True	42.955	32.416	54.995
143	benzene	6	True	38.81	35.872	66.111
143	benzene	6	True	37.598	35.977	65.44
143	benzene	6	True	39.629	34.778	65.853
143	benzene	6	True	37.208	35.014	64.525
143	benzene	6	True	39.242	33.804	64.933
143	benzene	6	True	38.028	33.926	64.267
144	benzene	6	True	32.939	35.53	64.637
144	benzene	6	True	32.794	36.704	65.386
144	benzene	6	True	33.751	34.517	65.148
144	benzene	6	True	33.442	36.861	66.616
144	benzene	6	True	34.402	34.666	66.378
144	benzene	6	True	34.242	35.83	67.102
145	benzene	6	True	38.163	45.466	42.738
145	benzene	6	True	39.195	45.33	41.814
145	benzene	6	True	37.185	46.437	42.492
145	benzene	6	True	39.251	46.139	40.657
145	benzene	6	True	37.23	47.243	41.35
145	benzene	6	True	38.258	47.087	40.442
146	benzene	6	True	46.53	50.585	59.497
146	benzene	6	True	46.194	49.761	60.567
146	benzene	6	True	46.04	51.89	59.478
146	benzene	6	True	45.374	50.232	61.615
146	benzene	6	True	45.227	52.368	60.509
146	benzene	6	True	44.892	51.539	61.58
147	benzene	6	True	30.539	48.768	55.078
147	benzene	6	True	29.264	48.741	55.687
147	benzene	6	True	30.789	47.919	53.993
147	benzene	6	True	28.235	47.893	55.242
147	benzene	6	True	29.767	47.074	53.546
147	benzene	6	True	28.506	47.07	54.173
148	benzene	6	True	31.073	49.987	61.328
148	benzene	6	True	30.474	50.126	62.579
148	benzene	6	True	30.277	49.586	60.259
148	benzene	6	True	29.117	49.87	62.766
148	benzene	6	True	28.916	49.329	60.428
148	benzene	6	True	28.344	49.471	61.685
149	benzene	6	True	40.074	34.365	47.653
149	benzene	6	True	41.085	33.633	48.268
149	benzene	6	True	39.632	33.969	46.391
149	benzene	6	True	41.648	32.521	47.644
149	benzene	6	True	40.186	32.854	45.751
149	benzene	6	True	41.199	32.131	46.384
150	benzene	6	True	50.768	42.757	42.055
150	benzene	6	True	51.448	43.698	41.278
150	benzene	6	True	49.473	43.059	42.467
150	benzene	6	True	50.853	44.899	40.911
150	benzene	6	True	48.864	44.271	42.096
150	benzene	6	True	49.564	45.173	41.324
151	benzene	6	True	38.812	30.586	35.432
151	benzene	6	True	38.109	29.4	35.576
151	benzene	6	True	39.618	30.754	34.317
151	benzene	6	True	38.202	28.382	34.621
151	benzene	6	True	39.724	29.745	33.348
151	benzene	6	True	39.013	28.556	33.503
152	benzene	6	True	36.654	32.012	53.731
152	benzene	6	True	37.97	31.606	53.915
152	benzene	6	True	36.398	33.09	52.88
152	benzene	6	True	39.027	32.263	53.253
152	benzene	6	True	37.44	33.758	52.213
152	benzene	6	True	38.755	33.343	52.398
153	benzene	6	True	36.914	31.041	62.71
153	benzene	6	True	36.799	31.995	61.702
153	benzene	6	True	38.017	30.191	62.712
153	benzene	6	True	37.765	32.105	60.715
153	benzene	6	True	38.99	30.29	61.727
153	benzene	6	True	38.866	31.253	60.725
154	benzene	6	True	30.665	46.025	49.863
154	benzene	6	True	31.805	46.364	50.634
154	benzene	6	True	30.081	47.005	49.05
154	benzene	6	True	32.374	47.649	50.616
154	benzene	6	True	30.651	48.287	49.032
154	benzene	6	True	31.783	48.592	49.814
155	benzene	6	True	31.418	51.586	45.55
155	benzene	6	True	31.097	52.791	44.881
155	benzene	6	True	31.238	51.512	46.943
155	benzene	6	True	30.603	53.925	45.554
155	benzene	6	True	30.741	52.651	47.625
155	benzene	6	True	30.432	53.839	46.917
156	benzene	6	True	35.891	43.864	37.871
156	benzene	6	True	35.8	42.591	38.446
156	benzene	6	True	36.152	43.954	36.499
156	benzene	6	True	35.961	41.442	37.678
156	benzene	6	True	36.309	42.822	35.723
156	benzene	6	True	36.214	41.563	36.324
157	benzene	6	True	30.742	41.861	36.566
157	benzene	6	True	29.655	41.591	35.723
157	benzene	6	True	31.919	41.121	36.379
157	benzene	6	True	29.745	40.613	34.715
157	benzene	6	True	32.023	40.147	35.373
157	benzene	6	True	30.93	39.897	34.543
158	benzene	6	True	27.561	34.222	48.908
158	benzene	6	True	28.5	34.874	49.692
158	benzene	6	True	28.001	33.353	47.909
158	benzene	6	True	29.871	34.658	49.493
158	benzene	6	True	29.367	33.128	47.699
158	benzene	6	True	30.302	33.783	48.498
159	benzene	6	True	32.791	43.202	31.096
159	benzene	6	True	32.911	42.388	32.248
159	benzene	6	True	33.268	44.529	31.144
159	benzene	6	True	33.486	42.851	33.437
159	benzene	6	True	33.841	44.993	32.328
159	benzene	6	True	33.943	44.149	33.463
160	benzene	6	True	25.703	47.793	28.852
160	benzene	6	True	25.194	47.755	27.551
160	benzene	6	True	24.921	47.259	29.887
160	benzene	6	True	23.924	47.188	27.284
160	benzene	6	True	23.665	46.702	29.634
160	benzene	6	True	23.172	46.666	28.328
161	benzene	6	True	33.093	49.071	31.318
161	benzene	6	True	32.514	50.089	32.097
161	benzene	6	True	34.471	48.897	31.378
161	benzene	6	True	33.302	50.919	32.892
161	benzene	6	True	35.26	49.719	32.177
161	benzene	6	True	34.671	50.719	32.922
162	benzene	6	True	38.678	48.049	31.76
162	benzene	6	True	37.719	47.045	31.945
162	benzene	6	True	39.664	48.21	32.744
162	benzene	6	True	37.731	46.232	33.074
162	benzene	6	True	39.691	47.384	33.892
162	benzene	6	True	38.72	46.408	34.048
163	benzene	6	True	40.71	42.534	30.656
163	benzene	6	True	42.038	42.335	31.045
163	benzene	6	True	40.098	43.748	30.985
163	benzene	6	True	42.745	43.319	31.74
163	benzene	6	True	40.792	44.744	31.682
163	benzene	6	True	42.118	44.523	32.057
164	benzene	6	True	31.476	40.57	24.581
164	benzene	6	True	31.415	41.852	25.113
164	benzene	6	True	32.657	40.173	23.947
164	benzene	6	True	32.5	42.734	25.014
164	benzene	6	True	33.747	41.043	23.835
164	benzene	6	True	33.653	42.322	24.371
165	benzene	6	True	19.733	37.465	41.611
165	benzene	6	True	20.281	38.495	42.374
165	benzene	6	True	20.411	37.038	40.485
165	benzene	6	True	21.493	39.09	42.016
165	benzene	6	True	21.625	37.62	40.113
165	benzene	6	True	22.164	38.653	40.88
166	benzene	6	True	20.736	41.731	44.466
166	benzene	6	True	22.133	41.744	44.576
166	benzene	6	True	20.164	42.217	43.286
166	benzene	6	True	22.933	42.208	43.521
166	benzene	6	True	20.946	42.675	42.233
166	benzene	6	True	22.328	42.665	42.35
167	benzene	6	True	21.047	54.518	36.372
167	benzene	6	True	21.233	54.532	37.75
167	benzene	6	True	19.8	54.162	35.864
167	benzene	6	True	20.19	54.196	38.623
167	benzene	6	True	18.74	53.819	36.73
167	benzene	6	True	18.946	53.838	38.113
168	benzene	6	True	15.796	43.612	43.357
168	benzene	6	True	16.391	44.861	43.194
168	benzene	6	True	14.822	43.208	42.445
168	benzene	6	True	16.019	45.697	42.142
168	benzene	6	True	14.442	44.039	41.392
168	benzene	6	True	15.044	45.286	41.242
169	benzene	6	True	16.232	56.413	42.718
169	benzene	6	True	15.658	57.657	43.067
169	benzene	6	True	15.42	55.269	42.702
169	benzene	6	True	14.299	57.794	43.391
169	benzene	6	True	14.071	55.401	43.025
169	benzene	6	True	13.526	56.659	43.366
170	benzene	6	True	22.999	57.375	46.181
170	benzene	6	True	23.242	56.016	46.356
170	benzene	6	True	22.555	58.114	47.288
170	benzene	6	True	23.031	55.399	47.594
170	benzene	6	True	22.339	57.518	48.518
170	benzene	6	True	22.571	56.156	48.666
171	benzene	6	True	29.568	53.424	53.658
171	benzene	6	True	30.016	52.104	53.625
171	benzene	6	True	30.131	54.34	52.766
171	benzene	6	True	30.995	51.696	52.726
171	benzene	6	True	31.126	53.931	51.855
171	benzene	6	True	31.545	52.619	51.842
172	benzene	6	True	20.949	44.931	52.779
172	benzene	6	True	19.649	44.668	52.332
172	benzene	6	True	21.978	44.077	52.385
172	benzene	6	True	19.387	43.567	51.506
172	benzene	6	True	21.724	42.978	51.561
172	benzene	6	True	20.43	42.721	51.117
173	benzene	6	True	25.027	39.043	58.875
173	benzene	6	True	24.767	38.065	57.912
173	benzene	6	True	26.238	39.734	58.813
173	benzene	6	True	25.704	37.773	56.907
173	benzene	6	True	27.179	39.453	57.819
173	benzene	6	True	26.913	38.468	56.864
174	benzene	6	True	42.344	51.21	37.848
174	benzene	6	True	44.464	52.384	36.425
174	benzene	6	True	42.841	52.474	38.21
174	benzene	6	True	42.933	50.544	36.764
174	benzene	6	True	43.885	53.064	37.495
174	benzene	6	True	43.976	51.134	36.047
175	benzene	6	True	46.681	52.252	35.669
175	benzene	6	True	47.244	51.774	36.851
175	benzene	6	True	48.459	51.069	36.818
175	benzene	6	True	49.105	50.775	35.595
175	benzene	6	True	48.516	51.277	34.422
175	benzene	6	True	47.314	51.99	34.458
178	benzene	6	True	51.151	49.97	36.806
178	benzene	6	True	52.416	49.338	36.843
178	benzene	6	True	52.893	48.653	35.718
178	benzene	6	True	52.129	48.604	34.559
178	benzene	6	True	50.89	49.272	34.516
178	benzene	6	True	50.382	50.0	35.61
180	benzene	6	True	37.479	51.494	38.975
180	benzene	6	True	38.716	51.177	38.372
180	benzene	6	True	36.267	51.247	38.299
180	benzene	6	True	38.695	50.658	37.066
180	benzene	6	True	37.484	50.424	36.406
180	benzene	6	True	36.259	50.71	37.013
181		9	True	62.111	65.117	46.638
181		9	True	61.397	63.952	46.711
181		9	True	63.051	65.08	47.715
181		9	True	62.854	63.859	48.405
181		9	True	64.043	65.965	48.168
181		9	True	61.842	63.187	47.772
181		9	True	63.615	63.497	49.521
181		9	True	64.799	65.604	49.277
181		9	True	64.578	64.377	49.941
182		9	True	35.4	62.819	33.013
182		9	True	35.854	63.195	31.776
182		9	True	33.979	63.05	33.006
182		9	True	33.649	63.578	31.734
182		9	True	32.954	62.867	33.952
182		9	True	34.808	63.654	31.008
182		9	True	32.338	63.931	31.379
182		9	True	31.64	63.218	33.6
182		9	True	31.349	63.745	32.326
# Number of rings in the molecule: 185
# Number of Aromatic rings in the molecule: 133
